{
 "cells": [
  {
   "cell_type": "code",
   "execution_count": 1,
   "metadata": {},
   "outputs": [],
   "source": [
    "import phe\n",
    "from phe import paillier\n",
    "import math\n",
    "import numpy as np\n",
    "import pandas as pd\n",
    "import matplotlib.pyplot as plt\n",
    "import random\n",
    "import sys\n",
    "\n",
    "%matplotlib inline"
   ]
  },
  {
   "cell_type": "code",
   "execution_count": 58,
   "metadata": {},
   "outputs": [
    {
     "data": {
      "text/html": [
       "<div>\n",
       "<style scoped>\n",
       "    .dataframe tbody tr th:only-of-type {\n",
       "        vertical-align: middle;\n",
       "    }\n",
       "\n",
       "    .dataframe tbody tr th {\n",
       "        vertical-align: top;\n",
       "    }\n",
       "\n",
       "    .dataframe thead th {\n",
       "        text-align: right;\n",
       "    }\n",
       "</style>\n",
       "<table border=\"1\" class=\"dataframe\">\n",
       "  <thead>\n",
       "    <tr style=\"text-align: right;\">\n",
       "      <th></th>\n",
       "      <th>mpg</th>\n",
       "      <th>cylinders</th>\n",
       "      <th>displacement</th>\n",
       "      <th>horsepower</th>\n",
       "      <th>weight</th>\n",
       "      <th>acceleration</th>\n",
       "      <th>model year</th>\n",
       "      <th>origin</th>\n",
       "      <th>car name</th>\n",
       "    </tr>\n",
       "  </thead>\n",
       "  <tbody>\n",
       "    <tr>\n",
       "      <th>0</th>\n",
       "      <td>18.0</td>\n",
       "      <td>8</td>\n",
       "      <td>307.0</td>\n",
       "      <td>130</td>\n",
       "      <td>3504</td>\n",
       "      <td>12.0</td>\n",
       "      <td>70</td>\n",
       "      <td>1</td>\n",
       "      <td>chevrolet chevelle malibu</td>\n",
       "    </tr>\n",
       "    <tr>\n",
       "      <th>1</th>\n",
       "      <td>15.0</td>\n",
       "      <td>8</td>\n",
       "      <td>350.0</td>\n",
       "      <td>165</td>\n",
       "      <td>3693</td>\n",
       "      <td>11.5</td>\n",
       "      <td>70</td>\n",
       "      <td>1</td>\n",
       "      <td>buick skylark 320</td>\n",
       "    </tr>\n",
       "    <tr>\n",
       "      <th>2</th>\n",
       "      <td>18.0</td>\n",
       "      <td>8</td>\n",
       "      <td>318.0</td>\n",
       "      <td>150</td>\n",
       "      <td>3436</td>\n",
       "      <td>11.0</td>\n",
       "      <td>70</td>\n",
       "      <td>1</td>\n",
       "      <td>plymouth satellite</td>\n",
       "    </tr>\n",
       "    <tr>\n",
       "      <th>3</th>\n",
       "      <td>16.0</td>\n",
       "      <td>8</td>\n",
       "      <td>304.0</td>\n",
       "      <td>150</td>\n",
       "      <td>3433</td>\n",
       "      <td>12.0</td>\n",
       "      <td>70</td>\n",
       "      <td>1</td>\n",
       "      <td>amc rebel sst</td>\n",
       "    </tr>\n",
       "    <tr>\n",
       "      <th>4</th>\n",
       "      <td>17.0</td>\n",
       "      <td>8</td>\n",
       "      <td>302.0</td>\n",
       "      <td>140</td>\n",
       "      <td>3449</td>\n",
       "      <td>10.5</td>\n",
       "      <td>70</td>\n",
       "      <td>1</td>\n",
       "      <td>ford torino</td>\n",
       "    </tr>\n",
       "  </tbody>\n",
       "</table>\n",
       "</div>"
      ],
      "text/plain": [
       "    mpg  cylinders  displacement horsepower  weight  acceleration  model year  \\\n",
       "0  18.0          8         307.0        130    3504          12.0          70   \n",
       "1  15.0          8         350.0        165    3693          11.5          70   \n",
       "2  18.0          8         318.0        150    3436          11.0          70   \n",
       "3  16.0          8         304.0        150    3433          12.0          70   \n",
       "4  17.0          8         302.0        140    3449          10.5          70   \n",
       "\n",
       "   origin                   car name  \n",
       "0       1  chevrolet chevelle malibu  \n",
       "1       1          buick skylark 320  \n",
       "2       1         plymouth satellite  \n",
       "3       1              amc rebel sst  \n",
       "4       1                ford torino  "
      ]
     },
     "execution_count": 58,
     "metadata": {},
     "output_type": "execute_result"
    }
   ],
   "source": [
    "df = pd.read_csv('auto-mpg.csv')\n",
    "df = df[df.horsepower != '?']\n",
    "df.head()"
   ]
  },
  {
   "cell_type": "code",
   "execution_count": 59,
   "metadata": {},
   "outputs": [],
   "source": [
    "X = df[['cylinders','displacement','horsepower','weight','acceleration','model year','origin']].values.astype(np.float32)\n",
    "Y = df['mpg'].values.astype(np.float32)"
   ]
  },
  {
   "cell_type": "code",
   "execution_count": null,
   "metadata": {},
   "outputs": [],
   "source": []
  },
  {
   "cell_type": "code",
   "execution_count": null,
   "metadata": {},
   "outputs": [],
   "source": []
  },
  {
   "cell_type": "code",
   "execution_count": 60,
   "metadata": {},
   "outputs": [],
   "source": [
    "#np.dot(X1T, X1) + np.dot(X1T, X2) + np.dot(X2T, X1) + np.dot(X2T, X2)"
   ]
  },
  {
   "cell_type": "code",
   "execution_count": 61,
   "metadata": {},
   "outputs": [],
   "source": [
    "#np.dot(X.T, X)"
   ]
  },
  {
   "cell_type": "code",
   "execution_count": 62,
   "metadata": {},
   "outputs": [],
   "source": [
    "#np.dot(X1T, Y1) + np.dot(X1T, Y2) + np.dot(X2T, Y1) + np.dot(X2T, Y2)"
   ]
  },
  {
   "cell_type": "code",
   "execution_count": 63,
   "metadata": {},
   "outputs": [
    {
     "data": {
      "text/plain": [
       "(0.004987531172069825,\n",
       " 0.004987531172069825,\n",
       " 2.642768506316362e-10,\n",
       " 2.642768506316362e-10)"
      ]
     },
     "execution_count": 63,
     "metadata": {},
     "output_type": "execute_result"
    }
   ],
   "source": [
    "#np.dot(X.T, Y)\n",
    "def calculate_number_inverse(c):\n",
    "    x = random.choice(np.linspace(0, 2/c, 11)[1:])\n",
    "    for i in range(15):\n",
    "        x = x * (2 - c * x)\n",
    "    return x\n",
    "\n",
    "calculate_number_inverse(200.5), 1/ 200.5, calculate_number_inverse(2175848264.6200633+1608062424.53014), 1 / (2175848264.6200633+1608062424.53014)"
   ]
  },
  {
   "cell_type": "code",
   "execution_count": 64,
   "metadata": {
    "code_folding": [
     5
    ]
   },
   "outputs": [
    {
     "name": "stdout",
     "output_type": "stream",
     "text": [
      "0 196\n",
      "196 392\n",
      "392\n"
     ]
    },
    {
     "data": {
      "text/plain": [
       "((196, 9), (196, 9))"
      ]
     },
     "execution_count": 64,
     "metadata": {},
     "output_type": "execute_result"
    }
   ],
   "source": [
    "no_of_users = 2\n",
    "part_per_user = int(df.shape[0] / no_of_users)\n",
    "user_shares = []\n",
    "start = 0\n",
    "end = part_per_user\n",
    "for i in range(no_of_users):\n",
    "    print(start, end)\n",
    "    if i == no_of_users-1:\n",
    "        end = df.shape[0]\n",
    "        user_shares.append((start, end, df.iloc[start:,:]))\n",
    "        print(end)\n",
    "        continue\n",
    "    user_shares.append((start,end, df.iloc[start:end, :]))\n",
    "    start = end\n",
    "    end += part_per_user\n",
    "user_shares[0][2].shape, user_shares[1][2].shape,"
   ]
  },
  {
   "cell_type": "code",
   "execution_count": 112,
   "metadata": {
    "code_folding": [
     39,
     63,
     70
    ]
   },
   "outputs": [],
   "source": [
    "X_COLUMNS = ['cylinders','displacement','horsepower','weight','acceleration','model year','origin']\n",
    "Y_COLUMN = 'mpg'\n",
    "class User(object):\n",
    "    def __init__(self,df, X_columns, Y_column,total_size,start,end, pub):\n",
    "        X = df[X_columns].values.astype(np.float32)\n",
    "        Y = df[Y_column].values.astype(np.float32)\n",
    "        self.pub_key = pub\n",
    "        M = pow(2,64)\n",
    "        Integer = np.vectorize(int)\n",
    "        Float = np.vectorize(float)\n",
    "        FixedPoint = np.vectorize(lambda x: x/ M if x <= pub.n else (x - pub.n) / M)\n",
    "        \n",
    "        print(X.dtype,Y.dtype)\n",
    "        if start == 0:\n",
    "            x_zeros = np.zeros((total_size-end, X.shape[1]))\n",
    "            y_zeros = np.zeros(total_size - end)\n",
    "            self.X = np.vstack((Integer(X*M), Integer(x_zeros*M)))\n",
    "            self.Y = np.concatenate((Integer(Y*M), Integer(y_zeros*M)))\n",
    "        elif end == total_size:\n",
    "            x_zeros = np.zeros((start, X.shape[1]))\n",
    "            y_zeros = np.zeros(start)\n",
    "            self.X = np.vstack((Integer(x_zeros*M), Integer(X*M)))\n",
    "            self.Y = np.concatenate((Integer(y_zeros*M), Integer(Y*M)))\n",
    "        else:\n",
    "            x_zeros1 = np.zeros((start-1,X.shape[1]))\n",
    "            x_zeros2 = np.zeros((total_size-end,X.shape[1]))\n",
    "            y_zeros1 = np.zeros((start-1,))\n",
    "            y_zeros2 = np.zeros((total_size-end,))\n",
    "            self.X = np.vstack((Integer(x_zeros1*M), Integer(X*M), Integer(x_zeros_2*M)))\n",
    "            self.Y = np.concatenate((Integer(y_zeros1*M), Integer(Y*M), Integer(y_zeros2*M)))\n",
    "        print(self.X.shape, self.Y.shape)\n",
    "        \n",
    "        self.XT = self.X.T\n",
    "        self.X_enc = self.encrypt(self.X)\n",
    "        self.X_enc_T = self.X_enc.T\n",
    "        self.Y_enc = self.encrypt(self.Y)\n",
    "        #self.encrypt()\n",
    "        #print(X)\n",
    "        #print(Y)\n",
    "    def encrypt(self,X):\n",
    "        X_new = np.empty(X.shape,dtype=np.object)\n",
    "        if len(X.shape) == 2:\n",
    "            for i in range(X.shape[0]):\n",
    "                for j in range(X.shape[1]):\n",
    "                    X_new[i][j] = self.pub_key.encrypt(X[i][j],precision=1e-15)\n",
    "        else:\n",
    "            for i in range(X.shape[0]):\n",
    "                X_new[i] = self.pub_key.encrypt(X[i], precision=1e-15)\n",
    "                \n",
    "        return X_new\n",
    "    \n",
    "    def decrypt(self,X,priv_key):  \n",
    "        X_new = np.empty(X.shape,dtype=np.object)\n",
    "        if len(X.shape) == 2:\n",
    "            for i in range(X.shape[0]):\n",
    "                for j in range(X.shape[1]):\n",
    "                    X_new[i][j] = priv_key.decrypt(X[i][j])\n",
    "        else:\n",
    "            for i in range(X.shape[0]):\n",
    "                X_new[i] = priv_key.decrypt(X[i])\n",
    "        return X_new\n",
    "    \n",
    "    @staticmethod\n",
    "    def calculate_number_inverse(c):\n",
    "        x = random.choice(np.linspace(0, 2/c, 11)[1:])\n",
    "        for i in range(10):\n",
    "            x *= (2 - c * x)\n",
    "        return x\n",
    "    \n",
    "    @staticmethod\n",
    "    def calculate_matrix_inverse(A):\n",
    "        c = np.trace(A)\n",
    "        I = np.eye(A.shape[0])\n",
    "        #c_inv = calculate_number_inverse(c)\n",
    "        c_inv = 1 / c\n",
    "        print(c, c_inv)\n",
    "        X0 = c_inv * I\n",
    "        M0 = c_inv * A\n",
    "        print(X0, M0)\n",
    "        X = (2 * X0) - np.dot(X0, M0)\n",
    "        M = (2 * M0) - np.dot(M0, M0)\n",
    "        print(X, M)\n",
    "        for i in range(1,50):\n",
    "            X = (2 * X) - np.dot(X, M)\n",
    "            M = (2 * M) - np.dot(M, M)\n",
    "            #if np.allclose(M, np.eye(A.shape[0]), rtol = 0.001, atol = 0.001, equal_nan=True):\n",
    "            #    break\n",
    "        print(M, X)"
   ]
  },
  {
   "cell_type": "code",
   "execution_count": null,
   "metadata": {},
   "outputs": [],
   "source": []
  },
  {
   "cell_type": "code",
   "execution_count": 113,
   "metadata": {},
   "outputs": [
    {
     "name": "stdout",
     "output_type": "stream",
     "text": [
      "float32 float32\n",
      "(392, 7) (392,)\n",
      "float32 float32\n",
      "(392, 7) (392,)\n",
      "CPU times: user 43.3 s, sys: 5.55 s, total: 48.9 s\n",
      "Wall time: 48.9 s\n"
     ]
    }
   ],
   "source": [
    "%%time\n",
    "pub, priv = paillier.generate_paillier_keypair(n_length = 1024)\n",
    "user1 = User(user_shares[0][2], \n",
    "             X_COLUMNS,\n",
    "             Y_COLUMN,\n",
    "             Y.shape[0],\n",
    "             user_shares[0][0],\n",
    "             user_shares[0][1],\n",
    "             pub\n",
    "            )\n",
    "user2 = User(user_shares[1][2], \n",
    "             X_COLUMNS,\n",
    "             Y_COLUMN,\n",
    "             Y.shape[0],\n",
    "             user_shares[1][0],\n",
    "             user_shares[1][1],\n",
    "             pub\n",
    "            )"
   ]
  },
  {
   "cell_type": "code",
   "execution_count": 120,
   "metadata": {
    "code_folding": [],
    "scrolled": true
   },
   "outputs": [
    {
     "name": "stdout",
     "output_type": "stream",
     "text": [
      "CPU times: user 34.6 s, sys: 92.3 ms, total: 34.7 s\n",
      "Wall time: 34.7 s\n"
     ]
    }
   ],
   "source": [
    "%%time\n",
    "\n",
    "## Calculate XT*X shares\n",
    "A1 = np.dot(user1.XT,user1.X)\n",
    "A2 = np.dot(user2.XT,user2.X)\n",
    "\n",
    "A_part1 = np.empty((user1.X.shape[1],user1.X.shape[1]),dtype=np.object)\n",
    "A_part2 = np.empty((user2.X.shape[1],user2.X.shape[1]),dtype=np.float32)\n",
    "temp = np.dot(user1.X_enc_T, user2.X) + np.dot(user2.XT, user1.X_enc)\n",
    "\n",
    "for i in range(temp.shape[0]):\n",
    "    for j in range(temp.shape[1]):\n",
    "        r = random.randint(0,1000)\n",
    "        A_part1[i][j] = temp[i][j] - r\n",
    "        A_part2[i][j] = r\n",
    "\n",
    "A_part1 = user1.decrypt(A_part1,priv)\n",
    "A1 = A1 + A_part1\n",
    "A2 = A2 + A_part2\n",
    "\n",
    "A1_enc = user1.encrypt(A1)"
   ]
  },
  {
   "cell_type": "code",
   "execution_count": 221,
   "metadata": {
    "code_folding": [
     16
    ]
   },
   "outputs": [
    {
     "name": "stdout",
     "output_type": "stream",
     "text": [
      "CPU times: user 4.84 s, sys: 12 ms, total: 4.86 s\n",
      "Wall time: 4.87 s\n"
     ]
    }
   ],
   "source": [
    "%%time\n",
    "\n",
    "## Calculate XT*Y shares\n",
    "B1 = np.dot(user1.XT, user1.Y)\n",
    "B2 = np.dot(user2.XT, user2.Y)\n",
    "\n",
    "B_part1 = np.empty(user1.XT.shape[0],dtype=np.object)\n",
    "B_part2 = np.empty(user1.XT.shape[0],dtype=np.float32)\n",
    "temp = np.dot(user1.X_enc_T, user2.Y) + np.dot(user2.XT, user1.Y_enc)\n",
    "\n",
    "for i in range(temp.shape[0]):\n",
    "    r = B2[i] / 2\n",
    "    B_part1[i] = temp[i] - r\n",
    "    B_part2[i] = r\n",
    "    \n",
    "B_part1 = user1.decrypt(B_part1,priv)\n",
    "B1 = B1 + B_part1\n",
    "B2 = B2 + B_part2"
   ]
  },
  {
   "cell_type": "code",
   "execution_count": 163,
   "metadata": {},
   "outputs": [],
   "source": [
    "#np.dot(user1.XT, user2.Y) + np.dot(user2.XT, user1.Y)"
   ]
  },
  {
   "cell_type": "code",
   "execution_count": 222,
   "metadata": {},
   "outputs": [
    {
     "data": {
      "text/plain": [
       "array([4.62435000e+04, 1.52968590e+06, 8.68718800e+05, 2.52090614e+07,\n",
       "       1.46401390e+05, 7.04839600e+05, 1.58790000e+04])"
      ]
     },
     "execution_count": 222,
     "metadata": {},
     "output_type": "execute_result"
    }
   ],
   "source": [
    "B1 + B2"
   ]
  },
  {
   "cell_type": "code",
   "execution_count": 220,
   "metadata": {},
   "outputs": [
    {
     "data": {
      "text/plain": [
       "array([4.6243512e+04, 1.5296858e+06, 8.6871875e+05, 2.5209068e+07,\n",
       "       1.4640141e+05, 7.0483962e+05, 1.5879000e+04], dtype=float32)"
      ]
     },
     "execution_count": 220,
     "metadata": {},
     "output_type": "execute_result"
    }
   ],
   "source": [
    "np.dot(X.T,Y)"
   ]
  },
  {
   "cell_type": "code",
   "execution_count": 193,
   "metadata": {},
   "outputs": [
    {
     "data": {
      "text/plain": [
       "array([[1.28750000e+04, 4.83375000e+05, 2.45728000e+05, 6.89538400e+06,\n",
       "        3.24075000e+04, 1.62127000e+05, 3.07600000e+03],\n",
       "       [4.83375000e+05, 1.90976342e+07, 9.37464700e+06, 2.59345480e+08,\n",
       "        1.12301190e+06, 5.73462100e+06, 9.98925000e+04],\n",
       "       [2.45728000e+05, 9.37464700e+06, 4.85752400e+06, 1.32989885e+08,\n",
       "        6.07832300e+05, 3.08843300e+06, 5.90440000e+04],\n",
       "       [6.89538400e+06, 2.59345480e+08, 1.32989885e+08, 3.75757549e+09,\n",
       "        1.77581036e+07, 8.83061810e+07, 1.68364300e+06],\n",
       "       [3.24075000e+04, 1.12301190e+06, 6.07832300e+05, 1.77581036e+07,\n",
       "        9.76569002e+04, 4.64036500e+05, 9.78940000e+03],\n",
       "       [1.62127000e+05, 5.73462100e+06, 3.08843300e+06, 8.83061810e+07,\n",
       "        4.64036500e+05, 2.26828200e+06, 4.71660000e+04],\n",
       "       [3.07600000e+03, 9.98925000e+04, 5.90440000e+04, 1.68364300e+06,\n",
       "        9.78940000e+03, 4.71660000e+04, 1.22800000e+03]])"
      ]
     },
     "execution_count": 193,
     "metadata": {},
     "output_type": "execute_result"
    }
   ],
   "source": [
    "A1+A2"
   ]
  },
  {
   "cell_type": "code",
   "execution_count": 125,
   "metadata": {
    "scrolled": true
   },
   "outputs": [
    {
     "data": {
      "text/plain": [
       "array([[1.2875000e+04, 4.8337500e+05, 2.4572800e+05, 6.8953840e+06,\n",
       "        3.2407502e+04, 1.6212700e+05, 3.0760000e+03],\n",
       "       [4.8337500e+05, 1.9097636e+07, 9.3746470e+06, 2.5934547e+08,\n",
       "        1.1230119e+06, 5.7346210e+06, 9.9892500e+04],\n",
       "       [2.4572800e+05, 9.3746470e+06, 4.8575240e+06, 1.3298987e+08,\n",
       "        6.0783225e+05, 3.0884330e+06, 5.9044000e+04],\n",
       "       [6.8953840e+06, 2.5934547e+08, 1.3298987e+08, 3.7575764e+09,\n",
       "        1.7758104e+07, 8.8306184e+07, 1.6836430e+06],\n",
       "       [3.2407502e+04, 1.1230119e+06, 6.0783225e+05, 1.7758104e+07,\n",
       "        9.7656891e+04, 4.6403650e+05, 9.7893994e+03],\n",
       "       [1.6212700e+05, 5.7346210e+06, 3.0884330e+06, 8.8306184e+07,\n",
       "        4.6403650e+05, 2.2682820e+06, 4.7166000e+04],\n",
       "       [3.0760000e+03, 9.9892500e+04, 5.9044000e+04, 1.6836430e+06,\n",
       "        9.7893994e+03, 4.7166000e+04, 1.2280000e+03]], dtype=float32)"
      ]
     },
     "execution_count": 125,
     "metadata": {},
     "output_type": "execute_result"
    }
   ],
   "source": [
    "np.dot(X.T,X)"
   ]
  },
  {
   "cell_type": "code",
   "execution_count": 126,
   "metadata": {},
   "outputs": [
    {
     "data": {
      "text/plain": [
       "(2175849137.6200633,\n",
       " 1608061551.53014,\n",
       " 2.642768506316362e-10,\n",
       " 2.642767993080802e-10,\n",
       " 3783910689.150203,\n",
       " 3783911400.0,\n",
       " False)"
      ]
     },
     "execution_count": 126,
     "metadata": {},
     "output_type": "execute_result"
    }
   ],
   "source": [
    "ca1, ca2 = np.trace(A1), np.trace(A2)\n",
    "ca1,ca2, 1 / (ca1+ca2), 1 / np.trace(np.dot(X.T,X)), ca1+ca2, np.trace(np.dot(X.T,X)), (ca1+ca2) == np.trace(np.dot(X.T,X))"
   ]
  },
  {
   "cell_type": "code",
   "execution_count": 147,
   "metadata": {},
   "outputs": [
    {
     "name": "stdout",
     "output_type": "stream",
     "text": [
      "2.9469982052434803e-10\n",
      "CPU times: user 1.37 s, sys: 19.9 ms, total: 1.39 s\n",
      "Wall time: 1.39 s\n"
     ]
    }
   ],
   "source": [
    "%%time\n",
    "xa1 = random.choice(np.linspace(0, 2/ca1, 11)[1:])\n",
    "xa2 = random.choice(np.linspace(0, 2/ca2, 11)[1:])\n",
    "xa1,xa2 = 1e-12, 1e-12\n",
    "ca1_enc = pub.encrypt(ca1, precision=1e-15)\n",
    "xa1_enc = pub.encrypt(xa1, precision=1e-15)\n",
    "xa1_sq_enc = pub.encrypt(xa1*xa1, precision=1e-15)\n",
    "ca1xa1_enc = pub.encrypt(ca1*xa1, precision=1e-15)\n",
    "#print(xa1,xa2)\n",
    "for i in range(10):\n",
    "    xa1 = 2*xa1 - (ca1*xa1*xa1)\n",
    "    xa2 = 2*xa2 - (ca2*xa2*xa2)\n",
    "    temp = (2*ca1xa1_enc*xa2) + (ca1_enc*xa2*xa2) + (ca2*xa1_sq_enc) + (2*ca2*xa1_enc*xa2)\n",
    "    r = xa2 / 4\n",
    "    a1 = temp - r\n",
    "    a2 = r\n",
    "    a1 = priv.decrypt(a1)\n",
    "    xa1 -= a1\n",
    "    xa2 -= a2\n",
    "    xa1_enc = pub.encrypt(xa1, precision=1e-15)\n",
    "    xa1_sq_enc = pub.encrypt(xa1*xa1, precision=1e-15)\n",
    "    ca1xa1_enc = pub.encrypt(ca1*xa1, precision=1e-15)\n",
    "\n",
    "print(xa1+xa2)\n",
    "cinv_a1, cinv_a2 = xa1,xa2"
   ]
  },
  {
   "cell_type": "code",
   "execution_count": 148,
   "metadata": {
    "code_folding": [
     0
    ]
   },
   "outputs": [],
   "source": [
    "#xa1 = random.choice(np.linspace(0, 2/ca1, 11)[1:])\n",
    "#xa2 = random.choice(np.linspace(0, 2/ca2, 11)[1:])\n",
    "#xa1,xa2 = 1e-12, 1e-12\n",
    "#print(xa1,xa2)\n",
    "#for i in range(50):\n",
    "#    xa1 = 2*xa1 - (ca1*xa1*xa1)\n",
    "#    xa2 = 2*xa2 - (ca2*xa2*xa2)\n",
    "#    temp = (2*ca1*xa1*xa2) + (ca1*xa2*xa2) + (ca2*xa1*xa1) + (2*ca2*xa1*xa2)\n",
    "#    print(temp)\n",
    "#    r = xa2 / 2 #random.choice(np.linspace(0, 2/ca2,11)[1:])\n",
    "#    a1 = temp - r\n",
    "#    a2 = r\n",
    "#    print(a1,a2)\n",
    "#    xa1 -= a1\n",
    "#    xa2 -= a2\n",
    "#    print(xa1, xa2)\n",
    "\n",
    "#print(xa1+xa2)\n",
    "#cinv_a1, cinv_a2 = xa1,xa2"
   ]
  },
  {
   "cell_type": "code",
   "execution_count": 149,
   "metadata": {},
   "outputs": [
    {
     "data": {
      "text/plain": [
       "(2.41931715157794e-10, 5.2768105366554025e-11, 2.419318079205368e-10)"
      ]
     },
     "execution_count": 149,
     "metadata": {},
     "output_type": "execute_result"
    }
   ],
   "source": [
    "#cinv_a1, cinv_a2 = 1 / (2*(ca1+ca2)), 1 / (2*(ca1+ca2))\n",
    "cinv_a1, cinv_a2, priv.decrypt(pub.encrypt(cinv_a1,precision=1e-15))"
   ]
  },
  {
   "cell_type": "code",
   "execution_count": 170,
   "metadata": {
    "code_folding": [
     8,
     16,
     37,
     50,
     60
    ]
   },
   "outputs": [
    {
     "name": "stdout",
     "output_type": "stream",
     "text": [
      "CPU times: user 3min 33s, sys: 2.83 s, total: 3min 36s\n",
      "Wall time: 3min 36s\n"
     ]
    }
   ],
   "source": [
    "%%time\n",
    "\n",
    "X01 = cinv_a1 * np.eye(user1.X.shape[1])\n",
    "X02 = cinv_a2 * np.eye(user2.X.shape[1])\n",
    "M01 = cinv_a1 * A1\n",
    "M02 = cinv_a2 * A2\n",
    "cinv_a1_enc = pub.encrypt(cinv_a1,precision=1e-15)\n",
    "temp = np.empty(X01.shape,dtype=np.object)\n",
    "for i in range(temp.shape[0]):\n",
    "    for j in range(temp.shape[1]):\n",
    "        temp[i][j] = cinv_a1_enc * A2[i][j]\n",
    "\n",
    "temp += (A1_enc * cinv_a2)\n",
    "M0_part1 = np.empty(A1.shape,dtype=np.object)\n",
    "M0_part2 = np.empty(A2.shape,dtype=np.float32)\n",
    "\n",
    "for i in range(temp.shape[0]):\n",
    "    for j in range(temp.shape[1]):\n",
    "        r = M02[i][j] / 2\n",
    "        M0_part1[i][j] = temp[i][j] - r\n",
    "        M0_part2[i][j] = r\n",
    "\n",
    "M0_part1 = user1.decrypt(M0_part1, priv)\n",
    "M01 += M0_part1\n",
    "M02 += M0_part2\n",
    "#print(X01+X02, M01+M02)\n",
    "X1 = 2*X01 - np.dot(X01, M01)\n",
    "X2 = 2*X02 - np.dot(X02, M02)\n",
    "M1 = 2*M01 - np.dot(M01, M01)\n",
    "M2 = 2*M02 - np.dot(M02, M02)\n",
    "\n",
    "X01_enc = user1.encrypt(X01)\n",
    "M01_enc = user1.encrypt(M01)\n",
    "temp = np.dot(X01_enc, M02) + np.dot(X02, M01_enc)\n",
    "X1_part = np.empty(X1.shape,dtype=np.object)\n",
    "X2_part = np.empty(X2.shape,dtype=np.float32)\n",
    "\n",
    "for i in range(temp.shape[0]):\n",
    "    for j in range(temp.shape[1]):\n",
    "        r = X2[i][j] / 2\n",
    "        X1_part[i][j] = temp[i][j] - r\n",
    "        X2_part[i][j] = r\n",
    "\n",
    "X1 -= user1.decrypt(X1_part, priv)\n",
    "X2 -= X2_part\n",
    "\n",
    "temp = np.dot(M01_enc, M02) * 2\n",
    "M1_part = np.empty(M1.shape,dtype=np.object)\n",
    "M2_part = np.empty(M2.shape,dtype=np.float32)\n",
    "\n",
    "for i in range(temp.shape[0]):\n",
    "    for j in range(temp.shape[1]):\n",
    "        r = M2[i][j] / 2\n",
    "        M1_part[i][j] = temp[i][j] - r\n",
    "        M2_part[i][j] = r\n",
    "\n",
    "M1 -= user1.decrypt(M1_part, priv)\n",
    "M2 -= M2_part\n",
    "#print(X1+X2, M1+M2)\n",
    "\n",
    "for i in range(30):\n",
    "    X1_enc = user1.encrypt(X1)\n",
    "    M1_enc = user1.encrypt(M1)\n",
    "    X1 = 2*X1 - np.dot(X1, M1)\n",
    "    X2 = 2*X2 - np.dot(X2, M2)\n",
    "    temp = np.dot(X1_enc, M2) + np.dot(X2, M1_enc)\n",
    "    X1_part = np.empty(X1.shape,dtype=np.object)\n",
    "    X2_part = np.empty(X2.shape,dtype=np.float32)\n",
    "\n",
    "    for i in range(temp.shape[0]):\n",
    "        for j in range(temp.shape[1]):\n",
    "            r = X2[i][j] / 2\n",
    "            X1_part[i][j] = temp[i][j] - r\n",
    "            X2_part[i][j] = r\n",
    "\n",
    "    X1 -= user1.decrypt(X1_part, priv)\n",
    "    X2 -= X2_part\n",
    "    M1 = 2*M1 - np.dot(M1, M1)\n",
    "    M2 = 2*M2 - np.dot(M2, M2)\n",
    "    temp = np.dot(M1_enc, M2) * 2\n",
    "    M1_part = np.empty(M1.shape,dtype=np.object)\n",
    "    M2_part = np.empty(M2.shape,dtype=np.float32)\n",
    "\n",
    "    for i in range(temp.shape[0]):\n",
    "        for j in range(temp.shape[1]):\n",
    "            r = M2[i][j] / 2\n",
    "            M1_part[i][j] = temp[i][j] - r\n",
    "            M2_part[i][j] = r\n",
    "\n",
    "    M1 -= user1.decrypt(M1_part, priv)\n",
    "    M2 -= M2_part\n",
    "    \n",
    "A1_inv, A2_inv = X1, X2"
   ]
  },
  {
   "cell_type": "code",
   "execution_count": 198,
   "metadata": {},
   "outputs": [
    {
     "data": {
      "text/plain": [
       "(array([[ 9.14176246e-03, -1.42853291e-04,  1.76228804e-05,\n",
       "         -1.75101134e-06, -7.87048444e-05, -2.09820975e-04,\n",
       "         -9.64202094e-04],\n",
       "        [-1.42829330e-04,  5.07422096e-06, -2.45013762e-06,\n",
       "         -1.81025536e-07,  8.94589711e-06,  4.47894663e-06,\n",
       "          6.13591682e-05],\n",
       "        [ 1.76328459e-05, -2.44993218e-06,  1.37630256e-05,\n",
       "         -2.95863157e-07,  5.19226754e-05, -1.05792460e-05,\n",
       "         -9.87120105e-05],\n",
       "        [-1.82546703e-06, -1.76279953e-07, -3.07643352e-07,\n",
       "          3.86327925e-08, -2.36597086e-06, -6.06041231e-09,\n",
       "          1.87400309e-06],\n",
       "        [-7.87198311e-05,  8.95072965e-06,  5.19282918e-05,\n",
       "         -2.24041958e-06,  7.11436924e-04, -1.39360143e-04,\n",
       "         -1.47758965e-04],\n",
       "        [-2.09814749e-04,  4.47822028e-06, -1.05806516e-05,\n",
       "         -4.67745230e-08, -1.39364008e-04,  5.06872598e-05,\n",
       "         -1.39319502e-04],\n",
       "        [-9.64259989e-04,  6.13706388e-05, -9.87229484e-05,\n",
       "          2.02355220e-06, -1.47807570e-04, -1.39311340e-04,\n",
       "          6.89463251e-03]]),\n",
       " array([[ 9.14237648e-03, -1.42847333e-04,  1.77888487e-05,\n",
       "         -1.80728762e-06, -7.75250373e-05, -2.10293758e-04,\n",
       "         -9.62893013e-04],\n",
       "        [-1.42847333e-04,  5.07437244e-06, -2.45027331e-06,\n",
       "         -1.76428472e-07,  8.94068580e-06,  4.48104629e-06,\n",
       "          6.13568191e-05],\n",
       "        [ 1.77888487e-05, -2.45027331e-06,  1.38077685e-05,\n",
       "         -3.03421956e-07,  5.22447444e-05, -1.07070318e-05,\n",
       "         -9.83738209e-05],\n",
       "        [-1.80728762e-06, -1.76428472e-07, -3.03421956e-07,\n",
       "          3.71112243e-08, -2.33526271e-06, -1.83462525e-08,\n",
       "          1.90751371e-06],\n",
       "        [-7.75250373e-05,  8.94068580e-06,  5.22447444e-05,\n",
       "         -2.33526271e-06,  7.13720277e-04, -1.40272881e-04,\n",
       "         -1.45287602e-04],\n",
       "        [-2.10293758e-04,  4.48104629e-06, -1.07070318e-05,\n",
       "         -1.83462525e-08, -1.40272881e-04,  5.10496611e-05,\n",
       "         -1.40314296e-04],\n",
       "        [-9.62893013e-04,  6.13568191e-05, -9.83738209e-05,\n",
       "          1.90751371e-06, -1.45287602e-04, -1.40314296e-04,\n",
       "          6.89733494e-03]], dtype=float32))"
      ]
     },
     "execution_count": 198,
     "metadata": {},
     "output_type": "execute_result"
    }
   ],
   "source": [
    "A1_inv+A2_inv, np.linalg.inv(np.dot(X.T,X))"
   ]
  },
  {
   "cell_type": "code",
   "execution_count": 227,
   "metadata": {},
   "outputs": [
    {
     "name": "stdout",
     "output_type": "stream",
     "text": [
      "CPU times: user 2.09 s, sys: 71.8 ms, total: 2.16 s\n",
      "Wall time: 2.16 s\n"
     ]
    }
   ],
   "source": [
    "%%time\n",
    "\n",
    "beta1 = np.dot(A1_inv, B1)\n",
    "beta2 = np.dot(A2_inv, B2)\n",
    "#print(beta1.shape,beta2.shape)\n",
    "A1_inv_enc = user1.encrypt(A1_inv)\n",
    "B1_enc = user1.encrypt(B1)\n",
    "temp = np.dot(A1_inv_enc, B2) + np.dot(A2_inv, B1_enc)\n",
    "#print(temp.shape)\n",
    "beta_part1 = np.empty(beta1.shape,dtype=np.object)\n",
    "beta_part2 = np.empty(beta2.shape,dtype=np.float32)\n",
    "\n",
    "for i in range(temp.shape[0]):\n",
    "    r = beta2[i] / 2\n",
    "    beta_part1[i] = temp[i] - r\n",
    "    beta_part2[i] = r\n",
    "    \n",
    "beta1 += user1.decrypt(beta_part1,priv)\n",
    "beta2 += beta_part2"
   ]
  },
  {
   "cell_type": "code",
   "execution_count": 228,
   "metadata": {},
   "outputs": [
    {
     "data": {
      "text/plain": [
       "(array([ 0.67120674, -0.09397539,  0.14297666,  0.03167619,  2.26627548,\n",
       "        -0.11200166,  4.18490103]),\n",
       " array([-0.70539665,  0.02186924, -0.03956068, -0.00603187, -0.07965064,\n",
       "         0.58360624,  1.3099518 ], dtype=float32))"
      ]
     },
     "execution_count": 228,
     "metadata": {},
     "output_type": "execute_result"
    }
   ],
   "source": [
    "beta1+beta2, np.dot(np.linalg.inv(np.dot(X.T,X)),np.dot(X.T,Y))"
   ]
  },
  {
   "cell_type": "code",
   "execution_count": 159,
   "metadata": {},
   "outputs": [],
   "source": []
  },
  {
   "cell_type": "code",
   "execution_count": 160,
   "metadata": {},
   "outputs": [],
   "source": [
    "INV = np.random.randint(500,50000,size=9).reshape(3,3)\n",
    "INV = np.array([[4.5,7.8],[2.3,6.1]])"
   ]
  },
  {
   "cell_type": "code",
   "execution_count": 161,
   "metadata": {},
   "outputs": [
    {
     "data": {
      "text/plain": [
       "array([[ 0.64143007, -0.82018927],\n",
       "       [-0.24185068,  0.47318612]])"
      ]
     },
     "execution_count": 161,
     "metadata": {},
     "output_type": "execute_result"
    }
   ],
   "source": [
    "np.linalg.inv(INV)"
   ]
  },
  {
   "cell_type": "code",
   "execution_count": 162,
   "metadata": {},
   "outputs": [
    {
     "name": "stdout",
     "output_type": "stream",
     "text": [
      "10.6 0.09433962264150944\n",
      "[[0.09433962 0.        ]\n",
      " [0.         0.09433962]] [[0.4245283  0.73584906]\n",
      " [0.21698113 0.5754717 ]]\n",
      "[[ 0.14862941 -0.06941972]\n",
      " [-0.02046992  0.13438946]] [[0.50916696 0.73584906]\n",
      " [0.21698113 0.66011036]]\n",
      "[[1. 0.]\n",
      " [0. 1.]] [[ 0.64143007 -0.82018927]\n",
      " [-0.24185068  0.47318612]]\n"
     ]
    }
   ],
   "source": [
    "calculate_matrix_inverse(INV)"
   ]
  },
  {
   "cell_type": "code",
   "execution_count": 163,
   "metadata": {},
   "outputs": [
    {
     "data": {
      "text/plain": [
       "array([[ 9.14241146e-03, -1.42848138e-04,  1.77914008e-05,\n",
       "        -1.80735848e-06, -7.75064333e-05, -2.10298271e-04,\n",
       "        -9.62914694e-04],\n",
       "       [-1.42848138e-04,  5.07443810e-06, -2.45024184e-06,\n",
       "        -1.76435712e-07,  8.94098435e-06,  4.48111092e-06,\n",
       "         6.13570421e-05],\n",
       "       [ 1.77914008e-05, -2.45024184e-06,  1.38078894e-05,\n",
       "        -3.03436484e-07,  5.22451696e-05, -1.07069538e-05,\n",
       "        -9.83750430e-05],\n",
       "       [-1.80735848e-06, -1.76435712e-07, -3.03436484e-07,\n",
       "         3.71128039e-08, -2.33535849e-06, -1.83463299e-08,\n",
       "         1.90758288e-06],\n",
       "       [-7.75064333e-05,  8.94098435e-06,  5.22451696e-05,\n",
       "        -2.33535849e-06,  7.13720854e-04, -1.40271797e-04,\n",
       "        -1.45293693e-04],\n",
       "       [-2.10298271e-04,  4.48111092e-06, -1.07069538e-05,\n",
       "        -1.83463299e-08, -1.40271797e-04,  5.10494778e-05,\n",
       "        -1.40313337e-04],\n",
       "       [-9.62914694e-04,  6.13570421e-05, -9.83750430e-05,\n",
       "         1.90758288e-06, -1.45293693e-04, -1.40313337e-04,\n",
       "         6.89734662e-03]])"
      ]
     },
     "execution_count": 163,
     "metadata": {},
     "output_type": "execute_result"
    }
   ],
   "source": [
    "np.linalg.inv(A1+A2)"
   ]
  },
  {
   "cell_type": "code",
   "execution_count": 164,
   "metadata": {},
   "outputs": [
    {
     "name": "stdout",
     "output_type": "stream",
     "text": [
      "3783910689.150203 2.642768506316362e-10\n",
      "[[2.64276851e-10 0.00000000e+00 0.00000000e+00 0.00000000e+00\n",
      "  0.00000000e+00 0.00000000e+00 0.00000000e+00]\n",
      " [0.00000000e+00 2.64276851e-10 0.00000000e+00 0.00000000e+00\n",
      "  0.00000000e+00 0.00000000e+00 0.00000000e+00]\n",
      " [0.00000000e+00 0.00000000e+00 2.64276851e-10 0.00000000e+00\n",
      "  0.00000000e+00 0.00000000e+00 0.00000000e+00]\n",
      " [0.00000000e+00 0.00000000e+00 0.00000000e+00 2.64276851e-10\n",
      "  0.00000000e+00 0.00000000e+00 0.00000000e+00]\n",
      " [0.00000000e+00 0.00000000e+00 0.00000000e+00 0.00000000e+00\n",
      "  2.64276851e-10 0.00000000e+00 0.00000000e+00]\n",
      " [0.00000000e+00 0.00000000e+00 0.00000000e+00 0.00000000e+00\n",
      "  0.00000000e+00 2.64276851e-10 0.00000000e+00]\n",
      " [0.00000000e+00 0.00000000e+00 0.00000000e+00 0.00000000e+00\n",
      "  0.00000000e+00 0.00000000e+00 2.64276851e-10]] [[3.40256445e-06 1.27744823e-04 6.49402220e-05 1.82229037e-03\n",
      "  8.56455204e-06 4.28464130e-05 8.12915593e-07]\n",
      " [1.27744823e-04 5.04706263e-03 2.47750218e-03 6.85390067e-02\n",
      "  2.96786048e-04 1.51552758e-03 2.63992753e-05]\n",
      " [6.49402220e-05 2.47750218e-03 1.28373114e-03 3.51461480e-02\n",
      "  1.60636006e-04 8.16201347e-04 1.56039624e-05]\n",
      " [1.82229037e-03 6.85390067e-02 3.51461480e-02 9.93040216e-01\n",
      "  4.69305570e-03 2.33372794e-02 4.44947870e-04]\n",
      " [8.56455204e-06 2.96786048e-04 1.60636006e-04 4.69305570e-03\n",
      "  2.58084580e-05 1.22634105e-04 2.58711180e-06]\n",
      " [4.28464130e-05 1.51552758e-03 8.16201347e-04 2.33372794e-02\n",
      "  1.22634105e-04 5.99454423e-04 1.24648819e-05]\n",
      " [8.12915593e-07 2.63992753e-05 1.56039624e-05 4.44947870e-04\n",
      "  2.58711180e-06 1.24648819e-05 3.24531973e-07]]\n",
      "[[ 5.28552802e-10 -3.37599994e-14 -1.71621973e-14 -4.81589159e-13\n",
      "  -2.26341284e-15 -1.13233151e-14 -2.14834773e-16]\n",
      " [-3.37599994e-14  5.27219879e-10 -6.54746475e-13 -1.81132728e-11\n",
      "  -7.84336822e-14 -4.00518855e-13 -6.97671734e-15]\n",
      " [-1.71621973e-14 -6.54746475e-13  5.28214441e-10 -9.28831330e-12\n",
      "  -4.24523778e-14 -2.15703121e-13 -4.12376603e-15]\n",
      " [-4.81589159e-13 -1.81132728e-11 -9.28831330e-12  2.66116160e-10\n",
      "  -1.24026598e-12 -6.16750270e-12 -1.17589422e-13]\n",
      " [-2.26341284e-15 -7.84336822e-14 -4.24523778e-14 -1.24026598e-12\n",
      "   5.28546881e-10 -3.24093550e-14 -6.83713759e-16]\n",
      " [-1.13233151e-14 -4.00518855e-13 -2.15703121e-13 -6.16750270e-12\n",
      "  -3.24093550e-14  5.28395279e-10 -3.29417974e-15]\n",
      " [-2.14834773e-16 -6.97671734e-15 -4.12376603e-15 -1.17589422e-13\n",
      "  -6.83713759e-16 -3.29417974e-15  5.28553615e-10]] [[3.46192934e-06 1.29718115e-04 6.53975224e-05 1.82288854e-03\n",
      "  8.52314257e-06 4.28920307e-05 8.10062010e-07]\n",
      " [1.29718115e-04 5.36251705e-03 2.52914439e-03 6.85460224e-02\n",
      "  2.69824170e-04 1.42091941e-03 2.21105968e-05]\n",
      " [6.53975224e-05 2.52914439e-03 1.32372814e-03 3.51559067e-02\n",
      "  1.55282844e-04 8.06872760e-04 1.54736382e-05]\n",
      " [1.82288854e-03 6.85460224e-02 3.51559067e-02 9.93448542e-01\n",
      "  4.69673137e-03 2.33524939e-02 4.45382148e-04]\n",
      " [8.52314257e-06 2.69824170e-04 1.55282844e-04 4.69673137e-03\n",
      "  2.94624732e-05 1.35087081e-04 3.07411378e-06]\n",
      " [4.28920307e-05 1.42091941e-03 8.06872760e-04 2.33524939e-02\n",
      "  1.35087081e-04 6.50940852e-04 1.44853180e-05]\n",
      " [8.10062010e-07 2.21105968e-05 1.54736382e-05 4.45382148e-04\n",
      "  3.07411378e-06 1.44853180e-05 4.49982101e-07]]\n",
      "[[1. 0. 0. 0. 0. 0. 0.]\n",
      " [0. 1. 0. 0. 0. 0. 0.]\n",
      " [0. 0. 1. 0. 0. 0. 0.]\n",
      " [0. 0. 0. 1. 0. 0. 0.]\n",
      " [0. 0. 0. 0. 1. 0. 0.]\n",
      " [0. 0. 0. 0. 0. 1. 0.]\n",
      " [0. 0. 0. 0. 0. 0. 1.]] [[ 9.14241146e-03 -1.42848138e-04  1.77914008e-05 -1.80735848e-06\n",
      "  -7.75064333e-05 -2.10298271e-04 -9.62914694e-04]\n",
      " [-1.42848138e-04  5.07443810e-06 -2.45024184e-06 -1.76435712e-07\n",
      "   8.94098435e-06  4.48111092e-06  6.13570421e-05]\n",
      " [ 1.77914008e-05 -2.45024184e-06  1.38078894e-05 -3.03436484e-07\n",
      "   5.22451696e-05 -1.07069538e-05 -9.83750430e-05]\n",
      " [-1.80735848e-06 -1.76435712e-07 -3.03436484e-07  3.71128039e-08\n",
      "  -2.33535849e-06 -1.83463299e-08  1.90758288e-06]\n",
      " [-7.75064333e-05  8.94098435e-06  5.22451696e-05 -2.33535849e-06\n",
      "   7.13720854e-04 -1.40271797e-04 -1.45293693e-04]\n",
      " [-2.10298271e-04  4.48111092e-06 -1.07069538e-05 -1.83463299e-08\n",
      "  -1.40271797e-04  5.10494778e-05 -1.40313337e-04]\n",
      " [-9.62914694e-04  6.13570421e-05 -9.83750430e-05  1.90758288e-06\n",
      "  -1.45293693e-04 -1.40313337e-04  6.89734662e-03]]\n"
     ]
    }
   ],
   "source": [
    "calculate_matrix_inverse(A1+A2)"
   ]
  },
  {
   "cell_type": "code",
   "execution_count": null,
   "metadata": {},
   "outputs": [],
   "source": []
  },
  {
   "cell_type": "code",
   "execution_count": null,
   "metadata": {},
   "outputs": [],
   "source": [
    "\n",
    "\n"
   ]
  },
  {
   "cell_type": "code",
   "execution_count": 25,
   "metadata": {
    "code_folding": []
   },
   "outputs": [],
   "source": [
    "class PaillierSymmetric(object):\n",
    "    \n",
    "    class PaillierNumber(object):\n",
    "        def __init__(self,cipher, nsquare):\n",
    "            self.cipher = cipher\n",
    "            self.nsquare = nsquare\n",
    "\n",
    "        def __mul__(self,c2):\n",
    "            return pow(self.cipher,c2, self.nsquare) if isinstance(c2,int) else None\n",
    "\n",
    "        def __add__(self,c2):\n",
    "            return (self.cipher * c2.cipher) % (self.nsquare)\n",
    "\n",
    "    def __init__(self,pub,priv):\n",
    "        \n",
    "        self.n, self.g = pub.n, pub.g\n",
    "        self.p, self.q = priv.p, priv.q\n",
    "        self.nsquare = pub.nsquare\n",
    "        self.gLambda = PaillierSymmetric.lcm(self.p-1,self.q-1)\n",
    "        self.r = pub.get_random_lt_n()\n",
    "        self.l = (pow(self.g, self.gLambda, self.nsquare)-1)//self.n\n",
    "        self.gMu = PaillierSymmetric.inverse_of(self.l, self.n)\n",
    "        \n",
